%YAML:1.0
---
model_type: PINHOLE
camera_name: camera
image_width: 640
image_height: 480
distortion_parameters:
   k1: 0
   k2: 0
   p1: 0
   p2: 0
projection_parameters:
   fx: 381.729613137722
   fy: 381.9721477545913
   cx: 319.1776301283623
   cy: 234.02988236939626
