cam0:
  T_cam_imu:
  - [0.9999457101498945, 0.009631743241195973, 0.003975710623119057, -0.003577933454124309]
  - [-0.009656601274801087, 0.9999336450473737, 0.006281365623201172, 0.009088444423274878]
  - [-0.003914946314142255, -0.006319416461074482, 0.9999723687037302, -0.09245933950909906]
  - [0.0, 0.0, 0.0, 1.0]
  cam_overlaps: []
  camera_model: pinhole
  distortion_coeffs: [0.1234769076234513, -0.23301404146106405, -0.0013568269318631394,
    -0.004585768480404144]
  distortion_model: radtan
  intrinsics: [614.971790885659, 615.2715593666773, 309.8472946468299, 239.98109240941855]
  resolution: [640, 480]
  rostopic: /camera/color/image_raw
  timeshift_cam_imu: 0.015262332339109608
