%YAML:1.0
---
model_type: PINHOLE
camera_name: camera
image_width: 640
image_height: 480
distortion_parameters:
   k1: 0
   k2: 0
   p1: 0
   p2: 0
projection_parameters:
   fx: 381.9319240669282
   fy: 382.0949287137728
   cx: 318.7893929614188
   cy: 233.76024996944773
