%YAML:1.0

#common parameters
#support: 1 imu 1 cam; 1 imu 2 cam: 2 cam; 
imu: 1         
num_of_cam: 1

imu_topic: "/camera/imu"
image0_topic: "/camera/color/image_raw"
image1_topic: "/camera/infra2/image_rect_raw"
output_path: "/home/nvidia/output/"

cam0_calib: "camera.yaml"
cam1_calib: "camera.yaml"
image_width: 640
image_height: 480
   

# Extrinsic parameter between IMU and Camera.
estimate_extrinsic: 1   # 0  Have an accurate extrinsic parameters. We will trust the following imu^R_cam, imu^T_cam, don't change it.
                        # 1  Have an initial guess about extrinsic parameters. We will optimize around your initial guess.

body_T_cam0: !!opencv-matrix
   rows: 4
   cols: 4
   dt: d
   data: [ 0.9999457101498945, -0.009656601274801087,-0.003914946314142255,0.003577933454124309,
               0.009631743241195973, 0.9999336450473737,-0.006319416461074482, -0.009088444423274878,
               0.003975710623119057, 0.006281365623201172, 0.9999723687037302, -0.09245933950909906,
                 0., 0., 0., 1. ]

body_T_cam1: !!opencv-matrix
   rows: 4
   cols: 4
   dt: d
   data: [0.9999457101498945, -0.009656601274801087,-0.003914946314142255,0.003577933454124309,
               0.009631743241195973, 0.9999336450473737,-0.006319416461074482, -0.009088444423274878,
               0.003975710623119057, 0.006281365623201172, 0.9999723687037302, -0.09245933950909906,
                 0., 0., 0., 1. ]

#Multiple thread support
multiple_thread: 6

#feature traker paprameters
max_cnt: 120            # max feature number in feature tracking
min_dist: 30            # min distance between two features 
freq: 10                # frequence (Hz) of publish tracking result. At least 10Hz for good estimation. If set 0, the frequence will be same as raw image 
F_threshold: 1.0        # ransac threshold (pixel)
show_track: 0           # publish tracking image as topic
flow_back: 1            # perform forward and backward optical flow to improve feature tracking accuracy

#optimization parameters
max_solver_time: 0.04  # max solver itration time (ms), to guarantee real time
max_num_iterations: 8   # max solver itrations, to guarantee real time
keyframe_parallax: 10.0 # keyframe selection threshold (pixel)

#imu parameters       The more accurate parameters you provide, the better performance
acc_n: 0.001865         # accelerometer measurement noise standard deviation. #0.2   0.04
gyr_n: 0.0018685         # gyroscope measurement noise standard deviation.     #0.05  0.004
acc_w: 0.0002        # accelerometer bias random work noise standard deviation.  #0.002
gyr_w: 4.0e-06      # gyroscope bias random work noise standard deviation.     #4.0e-5
g_norm: 9.805         # gravity magnitude

#unsynchronization parameters
estimate_td: 1                      # online estimate time offset between camera and imu
td: 0.00                             # initial value of time offset. unit: s. readed image clock + td = real image clock (IMU clock)

#loop closure parameters
load_previous_pose_graph: 0        # load and reuse previous pose graph; load from 'pose_graph_save_path'
pose_graph_save_path: "/home/nvidia/output/pose_graph/" # save and load path
save_image: 0                   # save image in pose graph for visualization prupose; you can close this function by setting 0 
