cam0:
  T_cam_imu:
  - [0.9999865932502212, -0.005131469476135123, -0.0006937873108931654, 0.01554552641554233]
  - [0.005130277328247457, 0.9999853791398303, -0.0017093159759576887, 0.025916447215755915]
  - [0.0007025484698816022, 0.0017057337382744048, 0.9999982984475835, -0.01010220376753342]
  - [0.0, 0.0, 0.0, 1.0]
  cam_overlaps: [1]
  camera_model: pinhole
  distortion_coeffs: [0.006600941232765482, -0.00568218614693322, 0.0005171064056499499,
    0.00032411879705503593]
  distortion_model: radtan
  intrinsics: [381.9319240669282, 382.0949287137728, 318.7893929614188, 233.76024996944773]
  resolution: [640, 480]
  rostopic: /camera/infra1/image_rect_raw
  timeshift_cam_imu: 0.0049533751854883975
cam1:
  T_cam_imu:
  - [0.999986224920365, -0.005183206874294466, 0.0008272460429653204, -0.03448420363296504]
  - [0.005184397181407917, 0.999985519379488, -0.001443280014879223, 0.02596117098218452]
  - [-0.0008197532450346482, 0.0014475489056355627, 0.9999986163024344, -0.010210624329310854]
  - [0.0, 0.0, 0.0, 1.0]
  T_cn_cnm1:
  - [0.9999988418903197, -5.433845796010209e-05, 0.0015209422567453563, -0.050012938916708966]
  - [5.393383557956868e-05, 0.9999999631479431, 0.00026607376943587653, 4.657422307329485e-05]
  - [-0.0015209566587338426, -0.00026599143104366754, 0.9999988079689884, -7.789497911986756e-05]
  - [0.0, 0.0, 0.0, 1.0]
  cam_overlaps: [0]
  camera_model: pinhole
  distortion_coeffs: [0.007448576724856866, -0.005796644981611214, 0.00035581685207178933,
    7.221411651791279e-05]
  distortion_model: radtan
  intrinsics: [381.729613137722, 381.9721477545913, 319.1776301283623, 234.02988236939626]
  resolution: [640, 480]
  rostopic: /camera/infra2/image_rect_raw
  timeshift_cam_imu: 0.004944532874635657
