cam0:
  cam_overlaps: [1]
  camera_model: pinhole
  distortion_coeffs: [0.006600941232765482, -0.00568218614693322, 0.0005171064056499499,
    0.00032411879705503593]
  distortion_model: radtan
  intrinsics: [381.9319240669282, 382.0949287137728, 318.7893929614188, 233.76024996944773]
  resolution: [640, 480]
  rostopic: /camera/infra1/image_rect_raw
cam1:
  T_cn_cnm1:
  - [0.9999988418903182, -5.43384579601021e-05, 0.0015209422567453565, -0.050012938916708966]
  - [5.3933835579568685e-05, 0.9999999631479416, 0.0002660737694358766, 4.657422307329485e-05]
  - [-0.0015209566587338428, -0.0002659914310436676, 0.9999988079689869, -7.789497911986756e-05]
  - [0.0, 0.0, 0.0, 1.0]
  cam_overlaps: [0]
  camera_model: pinhole
  distortion_coeffs: [0.007448576724856866, -0.005796644981611214, 0.00035581685207178933,
    7.221411651791279e-05]
  distortion_model: radtan
  intrinsics: [381.729613137722, 381.9721477545913, 319.1776301283623, 234.02988236939626]
  resolution: [640, 480]
  rostopic: /camera/infra2/image_rect_raw
